98254,50455
98254,51678
98235,51678
98235,52880
97862,52880
97862,54126
98170,54126
98170,55348
98077,55348
98077,56531
97689,56531
97689,57637
96893,57637
96893,58863
96899,58863
96899,60170
97225,60170
97225,61251
96487,61251
96487,62456
96302,62456
96302,63504
95563,63504
95563,64780
95595,64780
95595,66007
95424,66007
95424,67085
94829,67085
94829,68132
94177,68132
94177,69198
93597,69198
93597,70571
93679,70571
93679,71581
92966,71581
92966,72553
92201,72553
92201,73783
91912,73783
91912,74838
91298,74838
91298,75645
90292,75645
90292,76555
89476,76555
89476,77942
89347,77942
89347,78924
88619,78924
88619,79839
87806,79839
87806,80963
87250,80963
87250,81892
86448,81892
86448,82814
85638,82814
85638,83468
84550,83468
84550,84606
83959,84606
83959,85308
82934,85308
82934,85766
81705,85766
81705,86447
80696,86447
80696,87298
79831,87298
79831,88549
79261,88549
79261,89319
78305,89319
78305,89822
77162,89822
77162,89953
75794,89953
75794,90604
74779,90604
74779,91165
73712,91165
73712,92092
72845,92092
72845,93117
72007,93117
72007,92994
70588,92994
70588,94234
69820,94234
69820,94583
68635,94583
68635,95191
67558,95191
67558,95449
66346,95449
66346,95121
64948,95121
64948,95955
63943,95955
63943,96113
62725,96113
62725,96661
61612,96661
61612,97153
60474,97153
60474,96735
59145,96735
59145,97078
57979,97078
57979,97243
56781,97243
56781,97716
55619,97716
55619,97410
54369,97410
54369,98082
53205,98082
53205,98230
51989,98230
51989,97571
50756,97571
50756,97753
49549,97753
49549,98019
48329,98019
48329,98099
47105,98099
47105,97844
45901,97844
45901,97294
44739,97294
44739,97476
43497,97476
43497,97825
42210,97825
42210,97423
41037,97423
41037,97367
39798,97367
39798,96775
38679,96775
38679,96167
37580,96167
37580,96134
36326,96134
36326,95543
35237,95543
35237,95144
34091,95144
34091,94615
32995,94615
32995,94781
31619,94781
31619,93974
30635,93974
30635,93797
29373,93797
29373,92636
28584,92636
28584,92671
27194,92671
27194,92034
26147,92034
26147,90801
25459,90801
25459,90403
24283,90403
24283,89917
23147,89917
23147,89500
21949,89500
21949,88206
21385,88206
21385,87650
20283,87650
20283,86800
19410,86800
19410,85754
18715,85754
18715,85603
17217,85603
17217,84345
16729,84345
16729,83501
15859,83501
15859,82837
14795,82837
14795,81579
14375,81579
14375,80822
13402,80822
13402,80184
12259,80184
12259,78795
12065,78795
12065,77809
11369,77809
11369,77030
10371,77030
10371,76106
9562,76106
9562,74790
9377,74790
9377,73793
8693,73793
8693,72892
7821,72892
7821,72017
6862,72017
6862,70764
6637,70764
6637,69545
6379,69545
6379,68704
5252,68704
5252,67545
4843,67545
4843,66140
5123,66140
5123,65191
4145,65191
4145,64074
3611,64074
3611,62801
3608,62801
3608,61472
3901,61472
3901,60474
2846,60474
2846,59212
2920,59212
2920,57954
3073,57954
3073,56822
2471,56822
2471,55634
2160,55634
2160,54435
1875,54435
1875,53198
2015,53198
2015,51969
2257,51969
2257,50758
2282,50758
2282,50423
94860,50423
94860,48342
2368,48342
2368,47097
1766,47097
1766,45933
2525,45933
2525,44743
2746,44743
2746,43515
2655,43515
2655,42342
2983,42342
2983,41118
3007,41118
3007,39829
2774,39829
2774,38720
3394,38720
3394,37465
3407,37465
3407,36244
3587,36244
3587,35114
4077,35114
4077,34140
4994,34140
4994,33074
5590,33074
5590,31843
5763,31843
5763,30594
5931,30594
5931,29452
6370,29452
6370,28522
7241,28522
7241,27453
7812,27453
7812,26312
8257,26312
8257,25408
9113,25408
9113,24031
9200,24031
9200,23175
10122,23175
10122,22308
11005,22308
11005,21470
11907,21470
11907,20413
12514,20413
12514,19537
13352,19537
13352,18377
13860,18377
13860,17643
14858,17643
14858,16856
15785,16856
15785,15832
16471,15832
16471,14620
16999,14620
16999,14072
18151,14072
18151,12912
18764,12912
18764,12226
19789,12226
19789,11978
21139,11978
21139,11161
22040,11161
22040,9943
22677,9943
22677,9926
24128,9926
24128,9337
25184,9337
25184,8409
26042,8409
26042,7797
27094,7797
27094,7307
28209,7307
28209,7061
29438,7061
29438,6451
30486,6451
30486,5391
31353,5391
31353,4879
32468,4879
32468,4840
33757,4840
33757,4494
34924,4494
34924,4012
36046,4012
36046,3959
37295,3959
37295,3126
38334,3126
38334,3239
39613,3239
39613,2564
40717,2564
40717,2853
42008,2853
42008,2670
43206,2670
43206,2090
44357,2090
44357,1762
45554,1762
45554,2084
46805,2084
46805,2482
48039,2482
48039,1581
49230,1581
49230,1659
50456,1659
50456,2018
51669,2018
51669,1956
52891,1956
52891,2193
54094,2193
54094,2609
55271,2609
55271,2933
56446,2933
56446,2626
57715,2626
57715,2378
59000,2378
59000,2984
60125,2984
60125,3267
61310,3267
61310,3453
62521,3453
62521,3695
63723,3695
63723,4637
64704,4637
64704,4590
66001,4590
66001,5549
66941,5549
66941,5859
68117,5859
68117,6136
69315,6136
69315,6915
70290,6915
70290,7153
71521,7153
71521,8054
72417,8054
72417,8244
73694,8244
73694,8468
74979,8468
74979,9798
75587,9798
75587,10499
76571,10499
76571,11039
77667,11039
77667,11227
79038,11227
79038,12404
79672,12404
79672,12733
80977,12733
80977,13711
81752,13711
81752,14626
82570,14626
82570,15348
83567,15348
83567,16696
83938,16696
83938,17486
84857,17486
84857,18429
85614,18429
85614,18778
87070,18778
87070,19757
87813,19757
87813,21197
87945,21197
87945,22088
88772,22088
88772,23049
89511,23049
89511,23822
90547,23822
90547,25084
90826,25084
90826,25924
91795,25924
91795,27089
92210,27089
92210,28402
92314,28402
92314,29161
93515,29161
93515,30242
94093,30242
94093,31603
94009,31603
94009,32639
94681,32639
94681,33723
95255,33723
95255,34810
95847,34810
95847,36069
95912,36069
95912,37269
96132,37269
96132,38512
96157,38512
96157,39596
96836,39596
96836,40686
97592,40686
97592,41917
97680,41917
97680,43180
97510,43180
97510,44434
97251,44434
97251,45627
97447,45627
97447,46818
97729,46818
97729,48017
98055,48017
98055,49234
98160,49234
98160,50455
